Motif	Counts	avgRef	topRef	OvE	p-value
DKTG	4	0.38	3	10.362	0.001
FVM	4	0.09	1	40.404	0.001
RKTY	10	0.19	2	50.761	0.001
LIGV	5	0.34	3	14.619	0.001
SSAI	4	0.35	3	11.267	0.001
FWH	4	0.09	1	43.478	0.001
SYQR	4	0.09	1	41.237	0.001
HHQ	6	0.09	1	61.855	0.001
YSNY	5	0.45	4	10.917	0.001
GFMN	4	0.3	3	12.944	0.001
VMQ	5	0.28	3	17.793	0.001
LNGR	6	0.47	3	12.738	0.001
LQLG	4	0.29	2	13.377	0.001
IRTE	8	0.72	4	11.034	0.001
DSTN	4	0.37	3	10.638	0.001
GEGK	5	0.28	3	17.482	0.001
EDGR	4	0.38	3	10.389	0.001
QSLT	4	0.25	2	15.444	0.001
EALS	5	0.29	2	16.891	0.001
QLGN	4	0.38	3	10.335	0.001
PQSR	5	0.39	3	12.722	0.001
KTYG	20	0.18	2	109.289	0.001
SSVK	5	0.27	2	17.985	0.001
TIRT	4	0.38	3	10.526	0.001
QSRA	22	0.45	3	48.351	0.001
MQD	7	0.56	3	12.499	0.001
VRDQ	4	0.38	3	10.498	0.001
RANV	24	2.08	7	11.488	0.001
VGQK	4	0.21	2	18.867	0.001
HFW	4	0.09	1	43.956	0.001
SRAN	22	1.88	8	11.652	0.001
HSDN	5	0.08	1	56.179	0.001
KIE	4	0.37	3	10.723	0.001
YGKT	4	0.09	1	42.105	0.001
